RUN 0
4
2
3
1
4
1
0
2

0
1
3
5
6
8

RUN 1
2
3
4
0
4
1
1
2

0
1
3
5
6
8

RUN 2
2
4
3
4
0
1
0
1

0
2
4
5
6
8

RUN 3
4
3
3
4
1
2
0
2

0
1
2
4
6
8

RUN 4
1
4
0
3
4
1
0
2

0
2
4
5
6
8

RUN 5
4
3
3
4
1
2
0
2

0
1
2
4
6
8

RUN 6
2
4
2
3
0
1
1
0

0
2
4
6
7
8

RUN 7
2
4
2
3
0
1
1
0

0
2
4
6
7
8

RUN 8
3
4
2
3
1
0
1
0

0
2
4
5
7
8

RUN 9
2
2
4
0
1
4
1
3

0
1
3
5
6
8

RUN 10
3
4
2
3
1
0
1
0

0
2
4
5
7
8

RUN 11
3
4
2
1
3
0
2
0

0
2
3
5
7
8

RUN 12
3
2
4
1
3
0
2
1

0
1
3
5
7
8

RUN 13
2
4
2
3
0
1
1
0

0
2
4
6
7
8

RUN 14
2
4
2
3
0
1
1
0

0
2
4
6
7
8

RUN 15
3
4
3
4
0
1
0
2

0
2
3
4
6
8

RUN 16
3
2
3
1
4
0
1
2

0
1
3
5
7
8

RUN 17
4
2
3
1
4
1
0
2

0
1
3
5
6
8

RUN 18
4
2
3
1
4
1
0
2

0
1
3
5
6
8

RUN 19
2
2
4
0
1
4
1
3

0
1
3
5
6
8

RUN 20
2
3
4
0
3
1
2
1

0
1
3
5
7
8

RUN 21
4
2
3
1
4
1
0
2

0
1
3
5
6
8

RUN 22
4
2
3
1
4
1
0
2

0
1
3
5
6
8

RUN 23
2
4
2
3
0
1
1
0

0
2
4
6
7
8

RUN 24
2
4
2
3
0
1
1
0

0
2
4
6
7
8

RUN 25
1
2
0
4
0
3
2
1

0
2
4
6
7
8

RUN 26
3
4
2
3
1
0
1
0

0
2
4
5
7
8

RUN 27
3
4
2
3
1
0
1
0

0
2
4
5
7
8

RUN 28
3
4
2
3
1
0
1
0

0
2
4
5
7
8

RUN 29
3
4
2
1
3
0
2
0

0
2
3
5
7
8

RUN 30
4
3
3
4
1
2
0
2

0
1
2
4
6
8

RUN 31
4
2
3
1
4
1
0
2

0
1
3
5
6
8

RUN 32
1
4
0
3
4
1
0
2

0
2
4
5
6
8

RUN 33
3
3
4
4
0
1
1
2

0
1
3
4
6
8

RUN 34
1
3
0
4
4
0
1
2

0
2
4
5
6
8

RUN 35
3
4
2
1
4
0
0
2

0
2
3
5
6
8

RUN 36
2
3
4
0
3
1
2
1

0
1
3
5
7
8

RUN 37
1
4
0
3
4
1
0
2

0
2
4
5
6
8

RUN 38
1
3
0
2
1
4
0
2

0
2
4
6
7
8

RUN 39
3
4
3
4
0
1
0
2

0
2
3
4
6
8

RUN 40
1
2
0
3
0
4
1
2

0
2
4
6
7
8

RUN 41
3
4
2
3
1
0
1
0

0
2
4
5
7
8

RUN 42
3
4
2
3
1
0
1
0

0
2
4
5
7
8

RUN 43
2
3
4
0
3
1
2
1

0
1
3
5
7
8

RUN 44
1
3
0
4
4
0
1
2

0
2
4
5
6
8

RUN 45
2
4
2
0
1
4
0
3

0
2
3
5
6
8

RUN 46
2
3
4
0
3
1
2
1

0
1
3
5
7
8

RUN 47
2
3
3
0
4
0
1
2

0
2
3
5
7
8

RUN 48
1
4
0
3
4
1
0
2

0
2
4
5
6
8

RUN 49
3
4
2
3
1
0
1
0

0
2
4
5
7
8

